,A,G,J,H,S,B,C,D,P,M,Risk
0,1,1,1,1,0,0,0,0,0,1,1
1,0,0,1,1,1,0,1,1,0,0,0
2,1,1,0,1,1,1,0,0,0,1,1
3,1,1,1,0,1,0,1,1,0,1,1
4,1,1,1,0,1,0,1,1,1,1,0
5,1,1,0,0,0,1,1,1,0,1,1
6,1,1,1,1,0,1,1,1,0,1,1
7,1,1,0,0,1,0,1,1,1,1,1
8,1,1,0,1,0,1,1,0,0,0,1
9,0,1,0,1,1,0,1,1,1,0,0
10,0,0,1,0,1,0,0,0,1,0,0
11,0,0,1,0,1,0,1,1,0,0,0
12,0,0,1,1,1,0,0,0,0,0,1
13,1,1,0,1,1,0,0,1,1,1,0
14,0,0,1,0,1,0,0,0,1,0,1
15,0,0,0,1,0,0,0,1,0,0,0
16,1,1,1,1,0,1,1,1,0,1,1
17,0,1,1,1,0,0,1,1,0,1,1
18,1,0,0,0,1,0,1,1,1,0,0
19,0,1,1,1,0,1,1,1,0,1,1
20,1,1,1,1,1,1,0,0,1,1,1
21,1,1,1,0,0,0,1,0,0,1,1
22,1,1,0,0,1,0,0,0,1,1,1
23,1,1,1,1,0,0,0,0,1,1,1
24,0,1,1,1,0,1,0,0,0,0,1
25,1,1,0,1,1,0,0,0,0,1,1
26,1,1,0,1,1,1,0,0,0,0,1
27,1,0,1,0,0,0,0,0,0,0,1
28,0,1,1,1,1,0,1,0,0,1,1
29,1,1,1,1,1,0,1,1,0,1,0
30,1,1,1,1,0,0,0,1,0,0,1
31,0,1,1,1,1,0,1,1,0,1,1
32,0,1,1,1,0,0,1,1,1,1,1
33,1,1,0,0,0,1,0,0,0,1,1
34,0,0,0,1,1,0,0,0,0,0,1
35,0,1,0,1,1,0,1,1,0,1,0
36,0,1,1,0,1,1,1,1,0,1,1
37,1,1,1,1,1,0,0,1,0,1,0
38,1,1,1,1,1,0,0,0,0,1,1
39,0,1,1,1,1,0,0,0,0,1,1
40,0,1,0,1,0,1,1,1,0,1,1
41,0,1,1,1,0,0,0,0,0,0,1
42,1,1,0,1,1,0,1,1,0,1,1
43,0,1,1,0,0,0,1,1,1,0,1
44,1,0,0,0,1,0,1,1,1,0,0
45,1,0,0,1,1,1,0,0,1,0,1
46,1,1,1,1,0,1,0,1,0,1,1
47,0,0,0,0,0,0,0,0,1,0,1
48,1,1,0,1,1,1,1,0,1,1,1
49,0,0,1,1,0,1,0,0,0,0,1
50,0,1,0,1,0,0,1,1,0,1,1
51,0,1,0,1,1,0,1,1,1,1,1
52,0,1,1,1,1,1,0,0,0,1,1
53,0,1,1,1,0,1,1,1,1,1,1
54,1,1,1,0,1,0,0,1,1,1,0
55,0,1,0,1,0,1,0,0,1,1,1
56,1,1,0,1,0,0,1,0,0,1,0
57,0,0,1,1,1,1,1,1,0,0,1
58,0,0,0,1,1,0,0,1,1,0,1
59,0,0,0,0,1,0,1,1,0,0,0
60,0,1,1,1,1,0,0,0,0,0,1
61,1,1,1,1,0,0,0,0,0,1,1
62,1,1,0,0,1,0,0,1,0,1,0
63,0,1,1,1,1,0,1,1,0,1,0
64,0,0,1,1,1,1,1,1,0,0,1
65,1,1,1,1,0,1,1,1,0,1,1
66,0,0,1,1,1,1,0,0,0,0,1
67,0,1,1,1,0,0,0,0,1,0,1
68,1,1,1,0,1,1,0,1,0,1,0
69,0,0,1,1,0,1,1,1,0,0,1
70,0,0,1,1,1,1,1,1,1,0,1
71,1,1,0,0,0,1,0,0,0,1,1
72,1,1,0,0,1,0,0,0,0,1,1
73,1,0,0,1,1,0,1,1,0,0,1
74,1,1,0,1,0,0,0,1,0,1,0
75,1,1,0,0,1,0,0,0,1,1,1
76,0,1,1,1,1,0,1,1,0,1,0
77,1,1,1,1,1,0,1,0,0,1,1
78,1,1,0,1,0,1,1,1,1,1,1
79,0,1,1,1,1,0,1,1,0,0,1
80,1,0,1,1,0,1,1,1,0,0,0
81,1,1,1,1,0,1,0,0,0,1,1
82,0,0,0,0,0,1,0,1,0,0,1
83,1,0,0,1,1,0,0,1,0,0,1
84,1,1,0,1,1,0,0,0,0,1,1
85,0,0,0,1,1,1,0,0,0,0,1
86,0,0,1,1,1,0,0,1,0,0,1
87,1,1,1,0,0,0,1,1,0,1,0
88,0,1,0,1,0,0,0,1,1,1,1
89,0,1,1,1,1,0,0,0,0,1,0
90,1,1,1,1,1,1,0,0,0,1,1
91,1,1,1,1,1,0,0,0,1,1,1
92,0,0,0,1,0,1,0,0,0,0,0
93,0,1,1,0,0,0,1,1,0,1,1
94,1,1,1,1,0,0,0,0,1,1,1
95,1,1,1,0,1,0,1,1,0,1,0
96,1,0,1,1,0,1,0,0,0,0,1
97,0,1,1,1,0,0,1,1,0,1,1
98,1,1,1,1,1,0,1,1,0,1,1
99,1,1,0,0,0,0,1,1,1,1,1
100,1,1,0,0,0,1,0,1,1,0,1
101,0,1,1,0,1,0,1,1,0,1,1
102,0,0,1,1,1,1,0,0,0,0,1
103,1,1,1,0,1,0,0,0,0,1,1
104,0,1,1,0,0,1,1,0,1,0,1
105,1,1,0,1,1,0,1,1,0,1,0
106,1,1,0,1,1,1,1,1,1,1,0
107,0,1,1,1,1,0,1,0,1,1,1
108,0,0,1,1,0,0,1,1,0,0,1
109,1,1,1,1,0,0,0,0,0,0,1
110,0,1,1,1,0,0,0,0,0,0,1
111,0,0,1,0,1,0,0,0,0,0,1
112,0,1,0,0,1,0,1,1,1,1,1
113,0,0,1,1,1,1,1,1,1,0,0
114,1,1,1,1,0,0,0,0,0,0,1
115,1,1,1,1,0,1,1,1,0,1,1
116,0,0,0,1,0,0,1,1,0,0,0
117,0,0,1,0,0,0,0,0,0,0,1
118,0,0,1,1,0,0,1,1,0,0,0
119,1,1,0,1,0,0,1,0,1,0,1
120,0,0,1,1,1,0,0,1,0,0,0
121,1,0,0,0,1,1,1,1,1,0,1
122,0,1,0,0,1,1,0,0,0,1,1
123,1,1,1,0,1,0,0,0,1,1,1
124,0,0,1,0,0,0,0,1,0,0,0
125,0,1,1,1,1,0,0,0,1,1,1
126,1,1,0,1,1,0,0,0,0,0,1
127,0,1,1,1,1,0,0,0,0,1,0
128,0,1,0,1,1,0,0,0,1,1,1
129,0,0,1,1,1,0,1,0,1,0,0
130,0,0,1,1,0,0,1,1,1,0,1
131,0,1,1,1,1,0,1,1,0,1,0
132,0,1,0,1,1,1,1,0,0,1,1
133,1,1,1,0,1,1,0,1,0,1,1
134,0,0,1,1,0,1,1,1,0,0,1
135,1,0,1,1,0,1,0,0,0,0,1
136,0,1,1,1,0,1,1,1,1,1,1
137,1,1,0,1,0,0,0,0,0,1,0
138,1,1,1,1,0,0,1,0,0,1,1
139,1,0,0,0,1,0,0,0,0,0,1
140,0,1,0,1,0,0,0,0,1,0,1
141,0,0,0,1,1,0,1,1,0,0,1
142,0,1,0,1,1,0,1,1,0,1,1
143,0,1,1,1,1,0,1,1,0,1,0
144,0,0,1,1,1,1,0,1,0,0,1
145,0,1,1,1,0,0,1,1,0,1,1
146,1,0,1,1,1,0,0,0,1,0,1
147,1,0,1,1,0,1,0,0,1,0,1
148,0,1,1,1,1,0,1,1,0,1,1
149,1,1,1,1,0,1,0,1,0,1,1
150,1,1,1,0,0,1,0,0,0,1,1
151,1,1,1,1,1,1,0,0,0,1,1
152,0,1,1,1,1,0,1,1,0,1,1
153,0,0,1,0,0,0,1,1,1,0,1
154,1,1,0,0,0,0,1,1,0,1,1
155,0,0,1,0,1,0,0,0,0,0,0
156,1,1,1,1,0,0,0,0,0,1,1
157,1,1,0,1,1,0,0,0,0,0,1
158,1,1,1,1,0,0,1,1,1,1,1
159,0,1,0,1,0,1,0,0,0,1,1
160,1,1,1,1,0,1,1,1,0,1,1
161,0,0,1,1,1,1,0,1,1,0,1
162,1,1,1,1,0,1,0,0,0,1,1
163,1,1,0,0,1,0,1,0,1,1,1
164,1,1,1,1,0,1,0,1,1,1,1
165,0,1,1,1,0,1,1,0,0,1,1
166,0,0,1,1,1,0,0,1,0,0,0
167,0,0,1,1,0,0,0,0,0,0,1
168,0,0,1,0,1,1,1,1,0,0,1
169,0,1,1,1,1,0,0,1,0,0,0
170,0,1,1,0,1,0,0,0,1,1,0
171,0,0,1,1,1,1,0,0,0,0,1
172,0,0,0,1,1,0,0,1,0,0,0
173,0,1,1,1,1,0,0,0,0,1,1
174,0,1,1,1,1,0,1,1,0,1,0
175,1,0,0,1,0,1,1,1,1,0,0
176,1,1,1,1,1,0,1,0,0,0,1
177,1,1,1,1,0,0,0,0,0,1,1
178,0,1,0,0,1,1,0,0,0,1,1
179,1,1,1,1,1,0,0,1,1,1,1
180,0,1,1,1,1,1,1,1,0,0,0
181,0,1,0,1,1,0,1,1,0,0,0
182,1,1,0,1,0,0,0,1,1,1,0
183,1,1,1,1,0,1,1,1,0,1,1
184,1,1,1,1,1,0,0,1,1,1,0
185,0,1,1,1,1,1,0,0,0,1,1
186,1,0,0,0,1,0,1,0,1,0,0
187,1,1,0,0,1,0,0,0,1,1,1
188,0,1,1,1,0,0,0,0,0,0,0
189,0,0,1,1,1,0,1,1,0,0,1
190,1,1,0,1,0,1,1,1,0,1,0
191,0,1,0,0,0,0,1,1,0,1,0
192,1,1,1,1,1,0,1,1,0,1,0
193,0,1,1,0,1,1,0,0,0,0,1
194,0,1,1,0,0,0,1,1,0,1,0
195,0,0,0,1,1,0,0,0,0,0,0
196,0,0,1,1,1,1,0,0,0,0,1
197,0,0,1,0,0,0,0,0,0,0,0
198,1,1,1,0,0,0,1,1,1,1,1
199,1,1,0,1,1,0,1,1,0,0,0
200,1,1,1,1,0,1,0,0,0,1,1
201,0,1,0,1,1,0,0,0,1,0,1
202,0,1,1,1,1,1,1,1,0,1,1
203,0,1,1,0,1,0,0,0,0,0,0
204,1,1,0,1,1,1,0,0,1,1,1
205,1,1,0,0,1,0,1,1,1,1,1
206,1,1,1,1,1,1,0,0,0,1,1
207,0,1,1,1,1,0,0,0,0,1,1
208,0,1,0,1,1,0,1,1,0,0,1
209,1,1,1,1,0,1,0,0,1,1,1
210,0,1,1,1,0,1,1,0,0,1,1
211,1,0,0,1,0,1,1,1,0,0,1
212,1,1,1,1,1,0,1,1,0,1,0
213,1,1,0,1,1,0,0,1,0,1,0
214,1,1,1,1,0,1,1,1,0,1,1
215,1,0,0,1,0,0,0,0,0,0,1
216,0,1,1,1,1,0,1,1,0,1,1
217,0,1,1,1,1,0,1,1,0,1,1
218,0,1,0,0,1,0,1,1,0,0,1
219,1,0,1,1,1,1,0,0,1,0,1
220,0,1,0,1,1,0,0,0,0,0,1
221,0,0,1,0,0,0,0,0,0,0,1
222,0,1,1,1,1,1,0,0,0,1,1
223,0,1,1,1,0,1,1,1,0,1,1
224,0,1,1,1,1,1,1,0,1,1,1
225,0,1,1,1,1,1,1,1,0,1,1
226,0,1,1,1,0,0,1,1,0,1,0
227,1,1,0,0,1,0,1,0,0,1,0
228,0,1,1,1,1,1,0,0,0,1,0
229,0,1,1,0,1,0,1,1,0,1,1
230,0,1,1,1,1,0,1,1,0,1,0
231,1,1,0,0,0,1,1,0,1,1,1
232,1,1,1,1,0,1,0,0,0,1,1
233,0,1,0,1,1,0,0,1,0,0,1
234,1,1,0,1,1,1,0,0,0,1,1
235,0,1,0,1,1,0,0,1,0,1,0
236,0,1,0,1,0,0,1,0,1,1,0
237,1,1,0,0,0,0,1,1,0,0,0
238,1,0,1,1,1,1,0,0,0,0,1
239,1,1,1,1,1,0,1,1,0,1,1
240,0,0,1,1,0,0,0,1,1,0,0
241,1,1,1,1,1,1,0,0,0,1,1
242,0,1,1,0,1,0,1,1,1,1,0
243,0,0,1,1,1,1,0,0,0,0,1
244,1,0,0,1,0,1,1,0,0,0,1
245,0,1,1,1,1,1,0,1,0,1,1
246,1,1,1,1,1,1,0,0,0,1,1
247,1,1,1,0,0,1,0,0,1,1,1
248,0,1,1,1,1,0,0,1,0,1,1
249,0,0,1,0,1,1,0,1,0,0,0
250,1,0,0,1,0,0,0,0,1,0,1
251,1,0,0,1,1,0,0,0,0,0,1
252,0,0,1,1,1,0,0,1,1,0,0
253,1,1,1,1,0,1,1,1,0,1,1
254,0,1,1,1,0,0,0,0,0,1,1
255,0,1,0,1,0,0,1,1,0,1,1
256,1,1,0,1,1,1,1,1,0,1,1
257,0,1,1,0,1,0,0,0,0,0,0
258,0,0,1,1,0,1,1,0,1,0,1
259,1,0,0,1,0,1,0,0,0,0,1
260,0,1,1,1,1,0,0,0,0,1,1
261,1,0,1,1,1,0,0,1,0,0,1
262,1,1,0,0,1,0,1,1,1,1,1
263,1,0,0,0,1,1,1,0,0,0,1
264,0,1,0,1,1,1,0,0,1,1,1
265,1,1,1,1,1,0,0,0,0,1,0
266,1,1,1,1,0,1,1,1,0,1,1
267,1,0,1,1,1,1,0,1,0,0,1
268,1,1,0,1,1,0,1,0,1,0,0
269,0,1,1,1,0,1,0,1,0,1,1
270,0,1,1,1,0,1,1,1,1,1,1
271,1,0,1,0,0,1,0,0,0,0,1
272,1,1,0,0,0,0,1,1,1,1,1
273,0,1,1,1,1,0,1,1,0,1,0
274,0,1,0,1,1,0,1,1,0,0,0
275,0,1,1,1,1,1,1,0,0,1,1
276,0,0,1,1,1,1,1,1,0,0,1
277,1,1,0,1,0,0,0,0,0,0,1
278,0,0,1,1,1,1,1,0,0,0,0
279,0,1,0,0,0,1,0,1,0,1,1
280,0,1,1,0,0,1,1,0,1,1,1
281,1,1,1,1,1,1,0,0,0,1,1
282,1,1,0,1,0,0,0,1,0,1,1
283,1,1,1,1,0,1,0,0,0,1,1
284,1,1,1,1,0,0,1,1,1,0,1
285,1,0,0,1,1,0,1,1,1,0,1
286,0,1,1,1,1,0,1,1,1,1,1
287,0,1,0,0,0,0,1,1,0,1,1
288,1,0,1,1,1,0,0,0,0,0,1
289,1,1,1,1,1,0,0,1,0,0,0
290,0,1,1,1,1,1,0,0,0,0,1
291,0,1,0,0,1,0,1,1,1,0,0
292,1,0,0,0,1,0,1,1,1,0,1
293,1,1,1,0,1,0,1,1,1,1,1
294,1,1,0,1,0,1,1,1,0,0,1
295,0,0,1,1,1,0,1,1,0,0,0
296,0,0,1,0,0,1,1,0,1,0,1
297,1,1,0,1,0,1,0,0,1,1,1
298,1,1,1,1,1,1,1,1,0,1,1
299,0,1,1,1,0,0,1,1,0,1,1
300,1,0,0,1,1,1,0,0,1,0,1
301,1,0,1,1,1,0,1,1,0,0,0
302,1,1,0,1,0,0,0,1,1,1,0
303,1,1,1,1,1,0,0,0,1,1,1
304,1,1,1,0,0,1,1,1,1,1,0
305,0,1,1,1,0,1,0,0,0,0,1
306,0,0,0,0,0,1,1,1,1,0,1
307,0,1,0,1,0,0,0,0,0,0,0
308,0,0,1,1,1,0,0,0,0,0,0
309,0,1,0,0,1,0,0,0,1,0,1
310,1,1,0,0,0,0,1,1,0,1,1
311,0,1,1,1,0,1,1,1,0,1,1
312,0,0,1,1,1,0,1,1,0,0,1
313,0,1,0,1,1,0,0,0,1,0,0
314,0,1,0,1,0,0,0,0,1,1,1
315,0,1,1,1,1,0,1,1,0,1,0
316,1,1,0,1,1,0,0,0,0,1,1
317,1,0,0,1,0,0,1,1,0,0,1
318,0,1,1,1,1,1,0,0,0,1,1
319,0,0,0,1,1,0,1,0,0,0,1
320,0,1,0,1,1,0,1,1,1,0,0
321,0,1,1,1,1,0,0,1,0,0,0
322,0,1,0,0,1,0,1,1,1,1,1
323,0,1,1,1,0,0,1,1,0,1,1
324,1,0,1,1,1,1,0,1,1,0,1
325,1,1,0,1,1,0,1,0,1,1,1
326,1,1,1,0,0,1,1,0,0,1,1
327,0,0,1,1,0,1,0,1,1,0,1
328,0,1,1,1,1,0,1,1,0,1,1
329,0,1,1,1,1,0,0,0,0,1,1
330,1,1,0,0,1,0,1,1,1,1,1
331,0,0,1,1,0,1,0,1,0,0,0
332,0,0,0,1,0,0,1,1,1,0,0
333,0,0,0,0,0,1,1,1,1,0,0
334,0,1,1,0,1,0,1,1,0,1,0
335,1,1,0,0,1,0,1,0,0,0,0
336,0,0,0,1,1,0,0,0,0,0,1
337,0,0,1,0,0,0,0,0,0,0,0
338,0,1,1,1,1,0,1,1,0,1,1
339,0,1,0,1,1,0,0,0,0,0,1
340,0,0,1,0,1,0,1,1,0,0,1
341,0,0,0,0,1,0,1,1,0,0,1
342,0,1,1,0,0,0,1,1,0,0,1
343,0,1,0,1,1,0,1,1,0,1,1
344,1,1,0,1,1,0,1,0,1,1,1
345,1,0,0,1,1,1,0,0,0,0,1
346,0,1,1,1,1,0,0,0,0,1,1
347,0,0,0,0,0,0,1,1,0,0,1
348,0,1,0,1,0,1,0,0,0,1,1
349,0,1,1,0,0,0,0,0,0,1,0
350,0,0,1,0,1,1,0,0,0,0,1
351,0,0,1,1,1,0,0,0,0,0,0
352,1,1,0,1,0,1,1,1,1,1,1
353,0,1,1,0,1,0,1,0,0,1,0
354,1,1,1,0,0,1,0,0,0,1,1
355,0,1,0,1,1,0,0,1,1,1,0
356,1,1,1,1,0,1,1,0,0,1,1
357,0,1,0,1,1,1,1,1,0,1,0
358,0,1,1,1,1,1,0,0,0,0,1
359,0,0,1,0,1,0,1,1,0,0,0
360,1,1,1,0,0,0,0,1,0,1,1
361,1,1,0,1,0,0,1,0,0,1,1
362,1,0,1,1,1,0,0,0,1,0,1
363,0,1,1,0,1,1,0,0,0,0,1
364,0,1,0,1,1,0,1,1,0,1,0
365,1,1,1,1,1,1,0,0,0,1,1
366,0,1,1,1,1,1,1,1,1,1,1
367,0,0,1,0,1,0,1,1,0,0,1
368,1,1,1,1,1,0,1,1,0,1,0
369,1,0,1,0,1,0,1,1,0,0,1
370,1,1,1,1,0,1,1,1,1,1,1
371,0,1,1,1,1,1,1,1,0,1,1
372,0,0,1,0,1,1,0,0,0,0,1
373,1,1,0,0,0,1,1,1,1,1,1
374,1,0,0,0,0,0,1,1,0,0,0
375,1,0,1,0,1,0,1,1,0,0,0
376,0,1,1,1,1,1,1,1,0,0,1
377,1,1,1,0,0,1,0,0,0,1,1
378,1,1,0,0,1,0,1,1,1,1,0
379,1,0,0,1,0,1,0,0,1,0,1
380,1,1,1,1,0,0,0,1,0,1,1
381,1,0,0,0,1,0,1,1,1,0,0
382,0,0,1,0,0,1,0,1,1,0,1
383,0,1,1,1,1,0,0,0,1,1,1
384,0,1,0,1,0,1,1,1,0,1,1
385,0,0,1,1,1,1,0,1,0,0,1
386,0,0,1,0,0,1,0,1,0,0,1
387,1,1,0,1,1,0,1,1,0,1,1
388,0,1,1,1,0,0,1,0,0,1,1
389,0,0,1,1,1,1,0,0,0,0,1
390,0,1,0,1,1,1,0,1,1,0,1
391,0,0,0,0,0,0,0,0,0,0,1
392,1,1,0,0,1,0,1,1,1,1,1
393,0,0,1,1,1,0,0,0,0,0,1
394,0,1,0,1,1,1,1,0,0,1,1
395,0,1,1,0,0,0,1,1,0,1,1
396,1,0,0,0,1,0,1,0,0,0,1
397,1,1,1,1,1,0,1,1,0,0,1
398,1,1,1,0,1,0,0,0,1,0,0
399,1,0,0,1,0,1,0,1,0,0,1
400,1,1,1,1,1,1,0,1,0,0,1
401,0,1,1,1,0,0,0,1,0,0,1
402,0,1,1,1,1,1,1,1,0,1,0
403,0,1,0,1,1,1,0,0,1,1,1
404,1,1,1,1,0,0,1,1,1,1,1
405,0,1,1,1,1,0,0,1,0,0,0
406,1,1,1,1,0,1,0,1,1,1,1
407,0,1,1,1,1,0,0,0,0,0,1
408,0,1,0,1,0,1,1,1,0,0,1
409,0,1,1,1,0,0,0,0,1,0,0
410,0,0,1,1,1,0,0,1,0,0,1
411,1,1,0,1,1,1,1,1,1,1,1
412,1,1,0,1,1,1,0,0,0,1,0
413,1,1,0,0,0,1,0,0,1,1,1
414,1,0,1,1,0,0,0,1,1,0,0
415,1,1,1,1,1,1,1,1,1,1,1
416,0,1,0,1,1,0,1,0,1,1,0
417,0,0,1,0,0,0,1,1,0,0,1
418,0,0,0,1,0,1,1,1,1,0,1
419,0,0,1,1,0,0,0,1,1,0,0
420,0,0,1,0,0,1,1,0,1,0,1
421,0,1,1,1,0,0,0,0,1,1,1
422,1,1,0,1,1,0,0,0,1,1,1
423,0,1,0,1,0,1,0,1,0,1,1
424,0,0,1,1,0,0,1,0,0,0,0
425,0,1,1,0,1,0,1,1,1,0,1
426,0,1,1,1,1,1,1,1,0,1,1
427,1,1,1,1,0,1,0,1,0,1,1
428,0,1,1,1,1,1,0,0,0,1,1
429,1,0,0,0,1,0,0,1,0,0,0
430,1,1,0,1,1,1,1,0,0,1,1
431,0,1,0,1,1,0,1,1,0,1,0
432,1,1,0,0,1,0,0,0,0,1,1
433,0,1,1,1,1,1,0,1,0,0,1
434,0,1,1,1,1,0,0,0,0,1,1
435,0,1,1,1,0,0,0,0,0,0,0
436,0,1,0,0,0,1,0,0,0,0,1
437,1,0,1,1,0,1,0,1,1,0,1
438,1,1,0,1,1,0,1,1,0,1,1
439,0,0,0,1,1,0,0,0,0,0,0
440,1,1,0,1,1,1,0,0,1,1,1
441,0,0,1,1,1,0,0,0,0,0,1
442,0,1,1,1,1,0,1,1,0,1,1
443,1,1,0,1,1,1,0,0,0,1,0
444,0,0,0,1,1,0,1,1,0,0,0
445,1,0,0,0,0,1,0,0,0,0,1
446,0,0,1,1,1,0,0,1,1,0,0
447,1,1,1,1,1,0,1,0,0,1,1
448,1,0,0,1,0,0,0,0,0,0,1
449,1,1,1,1,0,0,0,0,0,0,0
450,0,1,0,1,0,1,1,1,1,1,1
451,0,0,1,1,1,1,0,0,0,0,1
452,0,1,1,1,1,1,1,0,0,1,1
453,1,1,0,1,1,1,1,1,1,1,1
454,0,1,1,1,1,0,1,1,1,1,0
455,0,0,0,1,1,1,1,1,1,0,1
456,1,1,1,0,1,0,1,0,1,1,1
457,1,1,1,0,1,0,1,0,1,1,0
458,0,0,1,1,1,0,0,0,0,0,1
459,0,1,1,1,1,1,1,1,0,1,1
460,1,1,1,1,1,0,1,1,0,1,1
461,1,1,1,1,1,0,0,0,1,1,1
462,0,0,0,0,1,0,1,0,0,0,1
463,1,1,1,1,0,0,0,0,0,1,1
464,0,1,1,1,1,1,0,1,0,1,1
465,1,1,1,1,1,0,1,1,1,1,1
466,0,0,0,0,1,0,0,1,0,0,0
467,0,1,1,1,0,1,1,1,0,1,1
468,0,0,1,1,1,1,1,1,0,0,1
469,1,1,0,1,1,1,1,1,1,1,1
470,0,1,1,0,0,0,1,1,0,0,0
471,0,0,1,1,1,0,0,0,0,0,0
472,0,1,0,1,1,0,0,0,1,1,0
473,1,1,0,1,0,1,0,0,0,1,1
474,0,1,1,1,1,0,0,1,0,0,0
475,0,0,1,0,1,0,1,1,0,0,0
476,0,1,1,1,0,1,1,1,1,1,1
477,0,1,1,1,1,0,1,1,0,1,1
478,1,1,0,1,0,0,0,0,0,1,1
479,1,1,1,1,1,0,0,0,0,1,1
480,0,0,0,1,1,0,1,0,0,0,1
481,0,1,1,1,1,0,0,1,1,1,1
482,1,0,1,0,0,0,1,1,0,0,1
483,0,0,1,1,0,1,0,0,0,0,1
484,1,1,1,1,0,1,0,0,1,1,1
485,1,1,0,1,1,0,0,0,1,1,0
486,1,1,1,1,1,1,1,0,0,1,1
487,1,0,1,0,1,1,1,1,1,0,1
488,1,1,0,0,0,1,0,0,1,1,1
489,0,1,1,0,1,1,1,0,1,1,1
490,0,1,1,1,1,1,0,0,0,1,1
491,1,0,0,0,1,0,1,1,0,0,0
492,0,0,1,1,0,1,0,0,0,0,1
493,1,1,1,1,0,0,0,0,0,1,1
494,1,1,0,0,1,0,0,0,1,1,1
495,0,1,1,1,0,0,1,1,0,0,0
496,0,1,0,0,0,0,1,1,0,1,0
497,1,1,1,1,1,1,0,1,0,1,1
498,0,1,0,1,1,0,0,1,0,0,1
499,0,1,1,1,0,0,0,0,1,0,1
500,0,0,1,1,1,0,1,1,1,0,0
501,1,1,1,0,1,0,1,1,1,1,1
502,1,1,1,1,0,0,0,0,0,0,1
503,1,1,1,1,0,0,0,1,0,1,0
504,0,0,1,0,1,0,0,1,1,0,0
505,0,1,0,1,0,1,0,0,1,1,0
506,1,1,1,1,0,0,1,0,1,1,1
507,0,1,0,1,0,0,1,0,1,1,0
508,0,1,1,1,1,1,0,1,0,0,1
509,1,1,0,1,0,1,1,1,1,1,1
510,0,1,1,1,1,0,0,0,1,1,0
511,0,1,0,0,1,1,1,1,1,1,1
512,0,1,1,0,1,0,1,0,0,1,1
513,0,1,1,0,1,0,0,0,0,0,1
514,1,1,1,1,0,1,0,1,1,1,1
515,1,0,1,1,1,0,0,0,1,0,1
516,1,1,0,1,1,0,0,0,1,1,1
517,0,0,1,0,1,1,1,1,0,0,0
518,1,1,1,1,0,0,0,0,1,1,1
519,1,1,1,0,0,1,0,0,0,1,1
520,1,1,1,0,1,1,1,1,0,1,1
521,0,0,1,1,1,0,1,1,0,0,0
522,1,1,1,0,1,0,1,1,0,1,0
523,0,0,1,1,0,1,1,1,1,0,1
524,0,0,0,1,1,0,0,1,0,0,1
525,0,1,1,1,1,0,1,1,1,1,1
526,0,0,1,1,0,1,0,0,0,0,1
527,1,1,0,1,1,1,0,0,0,1,1
528,0,1,1,0,1,0,0,1,0,0,0
529,1,1,0,1,1,0,0,0,1,1,1
530,0,1,1,1,1,0,0,1,0,1,1
531,0,0,1,0,0,0,1,0,1,0,0
532,1,1,1,0,1,1,0,0,1,0,1
533,0,1,1,1,0,1,0,1,0,0,1
534,0,1,1,1,0,1,1,1,0,1,1
535,0,1,1,0,1,0,0,1,0,0,0
536,1,0,0,1,0,0,0,0,1,0,1
537,1,0,1,1,1,0,1,1,0,0,1
538,1,1,0,0,1,0,1,1,1,1,0
539,1,0,0,1,1,0,1,1,0,0,1
540,0,1,1,0,1,0,0,0,0,0,0
541,1,1,1,0,1,1,0,1,1,1,1
542,0,1,1,1,0,0,1,1,0,1,0
543,0,1,0,1,1,0,1,1,0,1,0
544,1,1,0,1,1,1,0,0,1,1,1
545,1,1,1,0,1,0,0,1,1,1,0
546,1,0,1,1,1,1,0,1,1,0,1
547,0,1,1,1,1,1,0,1,0,1,1
548,0,0,0,1,1,0,0,0,0,0,0
549,1,1,1,0,0,1,1,1,1,1,1
550,0,0,1,1,0,1,0,0,0,0,1
551,1,1,0,1,0,1,0,0,0,1,1
552,0,1,1,1,1,0,1,1,0,0,0
553,0,1,1,1,0,0,0,0,1,1,1
554,1,0,0,1,1,0,0,0,0,0,1
555,0,1,1,1,1,0,0,0,0,1,0
556,0,0,1,1,0,0,0,1,1,0,0
557,0,0,1,1,0,1,1,1,1,0,0
558,0,1,1,1,1,0,1,1,0,1,0
559,0,1,0,1,1,0,0,1,0,1,0
560,1,1,1,0,0,0,1,1,1,1,1
561,0,1,0,0,1,0,0,1,0,1,0
562,0,0,1,1,1,0,0,0,0,0,1
563,1,1,1,0,0,0,1,1,1,1,0
564,1,1,0,1,0,0,1,1,0,1,1
565,0,0,1,0,0,0,0,1,0,0,1
566,1,1,1,1,1,0,0,0,1,0,0
567,0,1,1,1,0,1,1,1,0,1,1
568,1,1,1,1,0,0,1,1,0,1,1
569,0,0,1,1,1,0,1,1,0,0,0
570,0,0,0,0,1,0,1,1,0,0,0
571,1,1,1,1,1,1,1,1,0,1,1
572,0,0,0,0,0,1,1,1,1,0,1
573,0,0,0,1,1,0,0,0,0,0,1
574,0,1,0,1,1,0,0,0,0,1,1
575,0,0,1,1,1,1,1,0,0,0,1
576,0,0,1,1,1,0,1,0,0,0,1
577,0,0,1,1,0,1,0,1,0,0,1
578,0,1,1,1,1,0,1,1,1,0,0
579,0,1,0,1,1,1,0,1,0,0,1
580,0,1,1,1,1,0,0,1,1,1,0
581,1,1,0,1,1,0,1,0,1,1,1
582,0,0,1,0,1,1,0,0,0,0,1
583,0,1,0,0,1,0,1,1,0,1,0
584,1,0,0,0,0,1,0,0,1,0,1
585,0,0,1,0,1,0,0,1,0,0,0
586,1,1,1,0,1,0,1,0,1,1,1
587,0,1,0,1,1,0,0,0,0,1,1
588,1,1,0,1,1,0,0,1,0,0,0
589,1,1,1,1,1,0,0,0,0,1,0
590,1,0,0,1,1,0,0,0,0,0,1
591,1,0,1,0,0,0,0,1,1,0,1
592,1,0,0,1,0,1,0,1,0,0,1
593,0,0,0,0,1,0,1,1,1,0,0
594,1,1,0,1,0,0,0,1,0,1,0
595,0,0,0,1,0,0,0,0,1,0,0
596,0,0,1,0,1,0,0,1,1,0,0
597,1,1,0,1,1,0,1,1,0,1,0
598,0,1,1,1,1,1,1,1,1,1,0
599,0,1,1,0,1,1,1,1,0,1,1
600,1,0,1,1,1,0,1,0,0,0,1
601,0,0,1,1,1,0,0,0,0,0,0
602,0,0,0,0,1,0,0,1,0,0,0
603,0,0,0,1,1,1,1,1,0,0,0
604,0,0,1,1,1,0,0,0,0,0,1
605,0,1,1,1,0,0,1,1,0,1,1
606,1,1,0,1,1,1,1,1,0,1,1
607,1,0,1,0,0,0,1,1,0,0,0
608,0,1,1,1,1,1,0,1,0,1,1
609,1,1,1,0,0,1,0,0,1,1,1
610,0,0,1,1,0,0,0,0,0,0,0
611,1,0,0,0,0,0,0,0,1,0,0
612,0,0,1,1,0,0,1,1,0,0,1
613,0,0,1,0,1,0,1,1,1,0,1
614,0,0,1,1,1,1,0,1,0,0,0
615,1,1,0,1,0,0,1,1,0,1,1
616,0,1,0,0,0,0,1,1,0,1,1
617,1,1,1,0,1,0,1,0,1,1,1
618,0,0,1,0,0,0,1,1,0,0,0
619,1,1,0,1,1,1,0,0,1,0,1
620,0,1,1,1,1,0,1,1,0,1,1
621,0,1,1,1,1,1,0,1,1,1,0
622,1,1,1,1,0,1,1,1,0,0,0
623,0,0,1,0,1,0,0,0,0,0,1
624,1,1,1,0,1,0,1,1,0,1,0
625,1,1,1,1,0,1,0,0,0,1,1
626,1,1,1,1,1,0,0,0,0,1,1
627,0,1,1,1,0,0,0,0,1,1,0
628,1,1,1,1,0,1,1,1,0,1,1
629,1,1,0,1,0,1,1,0,0,1,1
630,0,0,1,1,1,0,1,1,0,0,1
631,1,1,1,1,1,0,0,1,0,1,0
632,0,1,1,1,0,0,0,0,0,1,1
633,0,0,1,0,1,1,0,0,0,0,0
634,0,0,0,1,1,0,0,1,1,0,0
635,1,1,1,1,1,1,0,0,0,1,1
636,0,0,1,1,0,1,0,1,0,0,1
637,0,1,1,1,1,1,1,1,0,1,1
638,0,0,1,1,1,1,0,0,0,0,1
639,0,1,1,1,1,0,1,1,0,1,0
640,0,0,0,1,1,0,0,1,0,0,0
641,1,1,0,1,1,0,0,0,0,1,1
642,1,1,0,1,0,1,1,0,0,1,0
643,0,1,1,1,1,1,0,1,0,0,1
644,0,1,0,1,1,0,0,1,0,0,1
645,0,1,1,0,0,1,1,1,0,1,0
646,0,1,1,1,1,0,1,1,0,0,1
647,0,0,1,1,0,1,0,0,1,0,0
648,1,1,1,0,1,0,0,1,1,1,0
649,1,1,0,0,1,0,0,0,0,1,0
650,1,1,0,0,1,0,1,1,0,1,1
651,1,1,0,1,1,0,0,0,0,1,0
652,1,1,1,1,1,0,0,1,1,1,0
653,1,1,0,1,0,0,1,1,1,1,0
654,1,1,1,1,1,1,1,1,1,1,1
655,0,1,1,0,1,0,1,0,1,1,1
656,1,1,0,1,1,0,0,0,1,1,0
657,1,1,1,1,0,1,1,1,0,1,1
658,0,0,1,1,1,0,1,1,0,0,1
659,1,1,1,1,1,0,1,1,0,1,1
660,0,1,1,0,1,0,0,0,0,0,1
661,0,1,1,1,0,0,0,0,1,0,0
662,1,1,1,1,1,1,0,1,0,1,1
663,1,1,0,1,1,0,0,0,0,1,1
664,1,0,0,1,1,0,0,0,0,0,1
665,0,1,0,1,1,1,1,1,0,1,1
666,0,1,1,1,0,0,1,1,0,1,1
667,0,0,1,1,1,1,1,1,0,0,1
668,1,1,1,0,1,0,1,0,1,1,0
669,1,1,1,1,1,0,1,1,0,1,1
670,0,1,0,1,0,1,1,1,0,1,1
671,0,1,1,1,0,1,1,1,0,1,1
672,1,1,0,1,1,1,1,1,1,1,1
673,0,1,1,1,0,1,0,0,1,0,1
674,1,1,0,1,0,1,1,1,0,1,0
675,0,0,0,0,1,1,1,1,0,0,1
676,0,1,1,1,1,1,1,1,0,1,1
677,0,1,1,1,0,0,1,1,0,0,0
678,1,1,0,0,1,0,1,1,0,1,1
679,0,0,1,1,1,1,0,1,0,0,1
680,1,0,1,1,1,1,0,0,0,0,1
681,1,1,1,0,0,1,0,0,0,1,1
682,0,1,1,1,1,1,0,0,0,0,1
683,1,1,1,0,1,1,1,1,0,0,1
684,0,1,0,1,0,0,1,1,0,1,1
685,0,1,1,0,0,1,1,1,1,1,1
686,0,1,1,1,0,0,0,0,0,1,1
687,0,1,1,0,0,0,1,1,1,1,1
688,1,1,1,1,0,1,1,0,0,1,1
689,0,1,1,1,0,0,1,0,1,1,1
690,0,1,1,1,1,0,0,0,0,0,1
691,0,0,0,1,0,0,1,0,0,0,1
692,0,1,1,1,0,0,1,1,0,1,1
693,1,1,0,1,0,0,1,0,1,1,1
694,0,1,1,1,1,1,0,1,0,1,1
695,1,1,1,0,0,1,0,0,1,1,1
696,0,1,1,1,1,0,0,0,0,1,1
697,1,0,0,1,1,1,0,0,1,0,1
698,0,1,1,1,1,1,0,1,0,1,1
699,1,1,0,0,1,0,0,0,0,1,1
700,0,0,0,0,0,1,0,0,0,0,0
701,1,1,1,0,1,0,1,1,1,1,0
702,1,0,1,0,0,0,0,1,0,0,1
703,1,1,1,1,0,0,1,1,0,1,1
704,0,0,1,1,1,0,1,1,0,0,1
705,1,0,1,0,0,1,1,0,1,0,1
706,0,1,1,1,0,0,1,1,1,1,0
707,0,0,1,0,1,0,1,0,0,0,0
708,0,0,1,1,1,0,0,0,0,0,1
709,1,1,0,1,1,0,0,0,0,1,1
710,0,1,0,1,0,1,0,1,0,1,1
711,1,0,1,0,1,0,0,0,0,0,0
712,1,1,0,1,0,1,1,1,1,1,1
713,0,1,0,1,1,0,0,0,0,1,1
714,0,1,0,1,1,0,1,1,1,1,0
715,1,1,1,1,0,1,1,1,1,1,1
716,1,1,1,1,0,1,1,1,0,1,1
717,0,1,0,0,1,1,0,1,0,1,1
718,0,1,1,1,0,0,1,1,0,1,1
719,0,1,1,1,0,0,1,1,1,0,1
720,0,1,0,1,1,0,0,0,0,1,0
721,0,0,1,0,0,0,0,0,0,0,0
722,0,0,0,1,1,0,0,0,1,0,0
723,1,0,0,1,0,0,0,0,0,0,1
724,0,0,1,0,1,1,1,1,1,0,0
725,1,0,0,1,0,1,0,0,1,0,1
726,1,1,0,1,0,1,0,0,0,0,1
727,0,0,1,0,1,0,0,1,0,0,0
728,1,0,1,0,1,0,1,1,0,0,0
729,1,1,1,1,0,0,0,1,0,0,1
730,0,1,1,1,1,0,1,1,0,1,1
731,0,1,0,0,1,0,0,1,0,1,0
732,1,0,0,1,1,0,0,0,0,0,1
733,0,0,1,0,0,1,1,1,1,0,1
734,1,0,1,1,1,1,1,0,1,0,1
735,0,0,0,1,0,0,1,1,0,0,1
736,0,0,0,0,1,0,1,1,1,0,0
737,1,1,0,1,0,0,1,1,1,1,1
738,1,1,0,1,1,1,1,0,1,1,1
739,0,0,0,0,0,0,1,1,0,0,0
740,0,1,1,1,0,0,1,1,1,1,1
741,0,1,0,1,1,0,0,0,0,1,1
742,1,1,1,1,0,1,1,1,0,1,1
743,0,1,1,1,0,0,1,1,0,1,1
744,0,1,0,1,0,0,1,1,0,1,1
745,0,1,0,1,1,0,0,0,0,1,1
746,0,0,1,0,1,0,1,0,1,0,1
747,1,0,0,1,1,0,0,0,1,0,0
748,0,1,1,1,0,1,1,1,1,1,1
749,0,1,1,1,1,1,1,0,1,1,1
750,1,0,1,1,1,0,0,0,0,0,1
751,0,0,0,1,1,0,0,1,1,0,0
752,0,0,0,0,0,0,0,0,0,0,1
753,0,0,1,1,1,1,1,1,0,0,1
754,1,1,1,0,0,1,0,0,0,1,0
755,0,0,1,0,0,0,0,1,1,0,0
756,1,1,0,1,1,0,0,0,1,1,1
757,1,1,1,0,0,0,0,0,0,1,0
758,0,1,1,1,1,1,0,1,1,1,1
759,1,1,1,1,1,0,0,0,1,1,0
760,1,0,1,1,0,1,1,0,1,0,1
761,0,0,1,0,1,0,0,1,0,0,0
762,0,1,0,1,1,0,0,0,0,1,1
763,0,1,0,0,0,1,1,1,1,1,0
764,0,1,1,1,0,1,1,1,1,0,1
765,1,1,0,1,1,0,0,0,0,0,1
766,0,1,0,1,1,0,1,1,0,0,0
767,0,0,1,0,0,1,1,0,1,0,1
768,0,1,1,0,1,0,1,0,0,1,1
769,1,1,0,1,1,1,0,0,0,1,1
770,0,0,1,0,0,0,1,1,1,0,1
771,0,0,0,1,1,0,1,1,0,0,0
772,1,1,0,1,1,1,1,1,1,1,1
773,1,1,1,1,0,1,0,1,0,1,1
774,1,1,0,0,0,0,0,0,1,1,1
775,0,0,1,0,0,0,0,1,1,0,0
776,1,1,1,1,1,1,1,1,1,1,1
777,0,0,1,1,1,0,1,1,0,0,1
778,1,1,0,1,0,1,1,1,1,1,1
779,1,0,1,1,1,0,1,1,0,0,1
780,0,1,1,1,1,0,1,1,0,1,0
781,1,1,1,1,0,1,0,1,1,1,1
782,0,1,0,1,1,0,0,0,0,1,1
783,0,0,0,1,0,0,0,0,1,0,0
784,1,1,0,1,0,0,1,1,1,0,1
785,1,1,0,1,0,0,0,1,0,1,1
786,1,1,1,1,0,1,1,1,0,1,1
787,1,1,1,1,0,1,1,1,1,1,1
788,1,1,1,0,1,0,1,1,0,1,0
789,0,1,1,1,1,0,1,1,0,1,0
790,1,0,1,1,1,0,0,1,0,0,0
791,1,1,0,1,0,1,1,1,1,1,1
792,0,1,1,1,0,1,0,0,0,0,1
793,1,1,1,0,1,0,1,1,0,0,1
794,0,1,1,0,0,1,1,1,0,1,1
795,0,0,1,0,0,1,0,0,0,0,1
796,1,1,1,0,0,0,1,1,1,1,0
797,0,0,0,0,1,1,0,0,0,0,1
798,1,1,1,1,0,1,0,1,1,0,1
799,1,1,0,1,0,0,0,0,1,1,1
800,1,1,1,0,1,1,0,1,0,1,1
801,1,0,0,0,1,0,0,1,0,0,1
802,0,0,1,1,1,0,1,1,0,0,1
803,1,1,1,1,0,1,0,0,0,1,1
804,0,0,0,0,0,0,1,0,1,0,1
805,0,1,1,1,1,0,1,1,1,1,0
806,0,1,0,1,1,0,0,0,0,0,1
807,1,1,1,1,0,1,0,0,0,1,1
808,1,1,0,0,1,0,1,1,1,1,1
809,0,0,0,0,1,0,0,0,1,0,0
810,0,1,1,1,1,0,0,0,0,0,1
811,0,1,0,1,1,0,0,0,0,0,1
812,0,1,1,1,1,0,1,1,1,1,0
813,1,1,1,1,1,0,1,1,0,1,0
814,1,1,1,0,1,0,1,1,1,1,0
815,1,0,1,0,1,0,1,1,1,0,1
816,1,1,1,1,0,1,0,0,0,0,1
817,0,0,1,0,1,1,0,0,0,0,1
818,1,1,0,1,1,0,1,1,0,0,1
819,0,1,1,1,1,0,0,1,0,0,0
820,0,1,1,1,1,1,0,0,1,0,1
821,0,1,1,1,1,0,1,0,0,0,1
822,1,1,1,1,1,0,1,1,0,1,0
823,1,1,0,1,1,0,0,0,1,1,1
824,1,1,0,1,1,1,1,1,0,0,1
825,0,1,1,1,1,0,0,1,1,0,1
826,0,0,1,0,1,0,1,1,1,0,0
827,1,1,1,1,1,1,1,1,0,1,0
828,1,1,1,0,0,0,1,1,1,1,0
829,1,1,1,0,0,0,1,1,0,1,1
830,1,1,1,1,0,1,1,1,0,1,1
831,0,0,1,0,1,0,0,1,1,0,0
832,0,1,1,0,1,0,1,1,0,1,0
833,1,0,1,1,0,0,1,1,0,0,1
834,0,0,0,1,1,0,1,0,0,0,0
835,1,1,1,1,1,0,0,0,1,1,0
836,0,0,1,1,0,1,0,0,0,0,1
837,0,0,0,0,1,1,0,0,0,0,1
838,1,1,1,1,1,0,1,1,1,1,1
839,1,1,1,1,1,1,1,1,0,0,1
840,0,1,1,1,1,0,1,1,0,1,0
841,0,1,0,1,1,1,1,1,1,1,1
842,0,0,1,1,1,1,0,1,0,0,0
843,1,1,1,1,1,1,0,1,0,1,1
844,1,1,1,1,1,1,1,1,0,1,1
845,1,1,1,1,0,0,1,1,0,1,1
846,1,1,1,0,0,1,1,1,1,1,0
847,0,1,1,1,1,1,0,1,1,0,1
848,1,1,1,1,1,0,0,0,0,1,1
849,1,1,0,1,1,0,0,0,0,1,0
850,0,1,1,0,1,0,0,1,1,0,0
851,1,1,1,1,0,1,1,1,1,1,1
852,1,1,1,0,1,1,0,0,0,1,1
853,0,1,0,0,1,0,0,1,1,1,0
854,1,1,1,1,1,1,1,1,1,1,1
855,0,1,1,1,0,1,0,1,1,0,1
856,1,0,1,1,0,1,0,0,0,0,1
857,0,1,1,0,1,1,1,0,0,1,1
858,0,0,1,1,1,0,1,0,1,0,0
859,0,1,1,0,0,1,1,0,1,1,1
860,0,1,1,1,0,1,1,1,1,1,1
861,0,1,1,1,1,1,0,1,0,0,0
862,1,0,1,1,1,0,1,1,0,0,0
863,0,1,0,1,0,1,1,1,0,1,1
864,0,1,0,0,1,1,0,0,0,1,0
865,0,0,1,0,0,1,0,0,0,0,1
866,0,0,1,1,1,0,1,1,0,0,1
867,1,1,1,1,1,1,1,0,0,1,1
868,1,1,1,1,0,1,1,1,0,1,1
869,0,0,1,0,1,0,0,0,0,0,1
870,1,0,1,1,0,1,1,1,0,0,1
871,1,1,1,1,1,0,0,0,1,1,1
872,0,1,1,1,0,0,0,1,0,1,1
873,0,0,1,1,0,1,0,0,0,0,1
874,0,1,0,1,1,0,1,0,0,1,1
875,1,0,1,1,0,0,0,0,1,0,1
876,1,1,0,0,1,0,0,1,0,1,1
877,0,1,1,1,1,1,1,1,0,1,1
878,0,1,0,0,1,0,0,0,1,1,0
879,1,1,1,1,0,1,1,1,0,1,1
880,1,1,0,1,1,1,1,1,1,1,1
881,1,1,1,0,0,1,1,1,1,0,1
882,1,1,1,1,0,0,0,1,1,1,1
883,1,0,0,1,1,1,0,1,0,0,1
884,1,1,1,1,1,0,1,1,0,0,0
885,1,0,1,1,1,0,0,0,0,0,0
886,0,1,1,1,0,0,1,1,0,1,1
887,0,1,1,1,1,0,1,1,0,1,0
888,0,1,0,1,1,1,1,1,1,1,1
889,1,1,1,0,0,1,1,1,1,1,1
890,1,1,0,1,1,0,1,1,0,1,1
891,1,1,1,1,1,1,0,0,0,1,1
892,1,1,0,1,1,0,0,0,1,1,1
893,0,1,1,1,1,0,1,1,1,1,1
894,0,1,1,1,0,1,0,1,0,1,1
895,0,1,0,1,0,1,1,1,1,1,1
896,0,0,0,0,1,0,1,1,0,0,1
897,1,0,1,1,0,1,0,0,0,0,1
898,0,0,0,0,0,1,0,0,0,0,1
899,1,1,1,1,1,0,1,1,0,1,0
900,1,1,1,0,1,0,1,0,1,1,0
901,1,1,1,1,0,1,1,1,1,0,1
902,1,1,1,0,0,1,1,1,1,1,1
903,1,1,1,0,0,1,0,0,0,0,1
904,1,1,0,1,1,1,0,1,0,1,1
905,0,1,0,0,1,0,0,0,0,1,1
906,0,1,0,1,0,0,1,1,1,1,1
907,0,1,1,1,0,0,1,1,0,0,1
908,1,0,0,1,1,1,1,0,1,0,1
909,0,0,0,1,0,0,1,0,1,0,1
910,0,0,1,1,1,1,1,1,0,0,1
911,0,0,0,1,1,0,1,1,0,0,0
912,0,0,1,1,0,0,1,1,0,0,1
913,0,1,1,1,0,1,0,0,0,0,1
914,0,1,1,0,1,0,1,1,0,1,0
915,0,0,0,1,1,0,1,1,0,0,0
916,0,1,1,1,0,1,1,0,1,1,1
917,1,1,0,1,1,0,1,0,1,1,0
918,0,1,1,1,0,0,1,1,0,0,0
919,1,1,0,0,1,0,1,1,0,1,0
920,0,0,1,1,1,1,0,1,0,0,1
921,1,1,0,1,0,1,1,1,0,1,1
922,0,0,1,0,1,0,0,0,0,0,0
923,0,1,1,0,1,0,0,0,1,1,1
924,1,1,1,1,1,0,1,1,0,0,0
925,1,1,1,1,1,0,0,0,1,1,0
926,0,0,1,0,1,0,0,1,0,0,1
927,1,1,1,0,1,0,1,1,1,1,0
928,1,1,1,1,0,1,0,1,0,1,1
929,1,1,0,1,1,0,0,0,1,1,1
930,0,1,0,1,1,0,0,1,0,1,1
931,0,0,1,1,1,0,0,0,0,0,0
932,0,1,1,1,1,1,0,0,1,1,1
933,1,1,1,1,0,1,0,0,0,1,1
934,0,0,1,1,1,0,0,0,0,0,1
935,0,1,0,1,0,0,0,1,0,1,0
936,0,0,0,1,1,0,0,0,0,0,0
937,0,1,0,0,1,0,0,0,0,0,1
938,1,1,1,0,1,0,1,1,0,1,0
939,1,1,0,1,0,1,1,1,1,1,1
940,1,1,0,1,0,1,1,0,1,1,1
941,0,1,0,1,1,1,0,0,1,1,1
942,0,1,1,1,0,1,0,1,0,1,1
943,1,1,0,1,1,1,0,0,1,1,1
944,1,0,1,0,1,0,0,0,0,0,1
945,0,0,1,1,0,0,1,1,1,0,1
946,0,1,1,0,0,0,1,1,0,1,0
947,1,1,0,1,0,1,1,0,1,1,1
948,1,1,0,1,1,1,0,1,0,0,0
949,0,1,1,1,0,1,1,1,0,1,0
950,1,1,0,1,1,0,1,1,0,0,1
951,0,1,1,1,1,0,0,1,0,1,0
952,0,0,1,0,0,0,1,1,1,0,0
953,0,0,0,1,1,1,1,1,0,0,0
954,0,0,1,1,1,0,0,0,1,0,1
955,1,0,0,0,0,0,0,1,0,0,1
956,1,1,0,1,0,0,1,1,0,1,1
957,1,1,0,1,1,0,0,0,0,1,1
958,1,1,0,1,1,0,1,1,1,1,0
959,0,1,1,0,0,0,1,1,0,1,1
960,0,1,1,0,1,1,0,0,0,0,1
961,1,1,1,1,1,0,1,1,1,0,1
962,0,1,1,1,0,1,1,0,1,1,1
963,1,1,1,1,0,1,1,1,0,1,0
964,0,1,0,1,1,0,0,0,0,0,1
965,0,0,1,1,0,0,0,1,0,0,1
966,0,1,0,1,0,0,1,1,0,1,0
967,1,0,0,0,1,1,1,0,0,0,1
968,0,1,1,0,0,1,1,1,0,0,1
969,1,1,0,1,1,0,1,0,1,1,1
970,0,1,1,1,0,0,0,0,0,1,1
971,1,1,0,1,1,1,1,1,1,1,1
972,0,0,0,0,1,0,0,1,1,0,0
973,1,1,1,0,1,0,1,1,0,1,0
974,0,0,1,1,1,1,1,1,0,0,1
975,1,0,0,1,0,0,0,1,0,0,1
976,1,0,1,1,1,0,0,0,0,0,1
977,1,1,1,1,0,0,1,1,0,1,1
978,1,1,0,1,1,1,1,1,1,1,0
979,0,1,1,0,0,0,0,0,1,0,0
980,1,1,1,1,1,0,1,1,0,1,0
981,0,1,0,0,1,1,1,1,0,1,0
982,0,0,0,1,0,0,1,1,1,0,1
983,0,1,1,1,1,0,1,1,1,1,0
984,0,1,0,1,1,1,0,1,0,1,1
985,0,0,1,0,1,0,0,0,0,0,1
986,0,1,1,1,1,0,1,1,0,0,1
987,1,0,1,1,0,1,0,0,0,0,1
988,0,1,0,0,1,0,1,1,1,1,1
989,1,1,0,1,1,0,0,1,0,1,1
990,1,1,0,1,0,1,1,0,0,1,1
991,0,1,0,1,0,1,0,0,0,1,1
992,0,1,0,0,0,0,0,1,0,0,1
993,0,1,0,1,1,0,1,1,0,1,1
994,1,1,1,1,0,1,1,0,1,1,1
995,0,0,0,1,1,1,0,0,0,0,1
996,1,1,0,1,1,0,1,1,1,0,1
997,1,1,1,1,1,1,0,0,0,1,1
998,0,1,1,0,1,0,0,1,0,1,0
999,0,1,1,1,0,0,1,1,1,1,1
